Aggregated 3-candle swing-failure stats for all hour triples (NY time):
Loaded 256 hourly candles
   Hours Bear Nr.  Hit%   Mid%   1st%   Opn% | Bull Nr. Hit%_bull Mid%_bull 1st%_bull Opn%_bull
00,01,02     0/11  0.00   0.00   0.00   0.00       0/11      0.00      0.00      0.00      0.00
01,02,03     1/11  8.33 100.00 100.00 100.00       0/11      0.00      0.00      0.00      0.00
02,03,04     2/11 16.67 100.00   0.00   0.00       0/11      0.00      0.00      0.00      0.00
03,04,05     0/11  0.00   0.00   0.00   0.00       0/11      0.00      0.00      0.00      0.00
04,05,06     0/11  0.00   0.00   0.00   0.00       1/11     12.50    100.00      0.00      0.00
05,06,07     1/11  8.33 100.00   0.00   0.00       0/11      0.00      0.00      0.00      0.00
06,07,08     0/11  0.00   0.00   0.00   0.00       0/11      0.00      0.00      0.00      0.00
07,08,09     0/11  0.00   0.00   0.00   0.00       0/11      0.00      0.00      0.00      0.00
08,09,10     1/11  8.33   0.00   0.00   0.00       0/11      0.00      0.00      0.00      0.00
09,10,11     0/11  0.00   0.00   0.00   0.00       0/11      0.00      0.00      0.00      0.00
10,11,12     1/11  8.33   0.00   0.00   0.00       0/11      0.00      0.00      0.00      0.00
11,12,13     0/11  0.00   0.00   0.00   0.00       3/11     37.50    100.00      0.00      0.00
12,13,14     0/11  0.00   0.00   0.00   0.00       0/11      0.00      0.00      0.00      0.00
13,14,15     2/11 16.67 100.00  50.00  50.00       0/11      0.00      0.00      0.00      0.00
14,15,16     0/11  0.00   0.00   0.00   0.00       0/11      0.00      0.00      0.00      0.00
15,16,17     0/11  0.00   0.00   0.00   0.00       0/11      0.00      0.00      0.00      0.00
16,17,18     1/11  8.33   0.00   0.00   0.00       2/11     25.00    100.00     50.00     50.00
17,18,19      0/0  0.00   0.00   0.00   0.00        0/0      0.00      0.00      0.00      0.00
18,19,20     1/12  8.33 100.00   0.00   0.00       1/12     12.50      0.00      0.00      0.00
19,20,21     1/12  8.33   0.00   0.00   0.00       0/12      0.00      0.00      0.00      0.00
20,21,22     1/12  8.33 100.00   0.00   0.00       1/12     12.50    100.00      0.00      0.00
21,22,23     0/11  0.00   0.00   0.00   0.00       0/11      0.00      0.00      0.00      0.00
22,23,00     0/11  0.00   0.00   0.00   0.00       0/11      0.00      0.00      0.00      0.00
23,00,01     0/11  0.00   0.00   0.00   0.00       0/11      0.00      0.00      0.00      0.00
