Aggregated 3-candle swing-failure stats for 30-minute data by Hour (NY time of C0):
   Hours  Bear Nr. Hit%_Mid Hit%_1st Hit%_Opn Avg_SL Avg_RE Hit_T% Hit_SL% Avg R:R  | Bull Nr. Hit%_Mid_bull Hit%_1st_bull Hit%_Opn_bull Avg_SL_bull Avg_RE_bull Hit_T%_bull Hit_SL%_bull Avg R:R_bull
02,03,04         1   100.00     0.00     0.00   0.00 145.00   0.00  100.00    0.00           0          0.00          0.00          0.00         nan         nan        0.00         0.00         0.00
03,04,05         1   100.00     0.00     0.00  15.75  22.50   0.00  100.00    0.00           3         66.67          0.00          0.00       18.67      108.67        0.00       100.00         0.00
04,05,06         1     0.00     0.00     0.00  25.00  20.00   0.00  100.00    0.00           1          0.00          0.00          0.00       52.50       19.25        0.00       100.00         0.00
06,07,08         0     0.00     0.00     0.00    nan    nan   0.00    0.00    0.00           1        100.00          0.00        100.00        7.50      135.25      100.00         0.00         3.53
07,08,09         0     0.00     0.00     0.00    nan    nan   0.00    0.00    0.00           1        100.00          0.00          0.00       42.50       42.50        0.00       100.00         0.00
08,09,10         3   100.00    66.67    66.67  64.00 215.83  33.33   66.67    0.46           1          0.00          0.00          0.00        0.00      460.75        0.00       100.00         0.00
10,11,12         2   100.00     0.00     0.00  18.88  90.12   0.00  100.00    0.00           0          0.00          0.00          0.00         nan         nan        0.00         0.00         0.00
11,12,13         0     0.00     0.00     0.00    nan    nan   0.00    0.00    0.00           1          0.00          0.00          0.00       32.75      106.50        0.00       100.00         0.00
12,13,14         1   100.00     0.00   100.00  55.25 114.75   0.00  100.00    0.00           0          0.00          0.00          0.00         nan         nan        0.00         0.00         0.00
14,15,16         2    50.00    50.00    50.00  36.38 176.62  50.00   50.00    1.09           0          0.00          0.00          0.00         nan         nan        0.00         0.00         0.00
15,16,17         1     0.00     0.00     0.00  78.50   0.00   0.00  100.00    0.00           0          0.00          0.00          0.00         nan         nan        0.00         0.00         0.00
16,17,18         0     0.00     0.00     0.00    nan    nan   0.00    0.00    0.00           3          0.00          0.00          0.00       17.75      122.50       33.33        66.67         1.28
18,19,20         0     0.00     0.00     0.00    nan    nan   0.00    0.00    0.00           1        100.00          0.00          0.00       19.50       16.75        0.00       100.00         0.00
19,20,21         1   100.00     0.00     0.00  25.00  50.00   0.00  100.00    0.00           0          0.00          0.00          0.00         nan         nan        0.00         0.00         0.00
20,21,22         2     0.00     0.00     0.00  26.38  57.12   0.00  100.00    0.00           1        100.00          0.00          0.00       31.25       66.00        0.00       100.00         0.00
21,22,23         1   100.00     0.00     0.00  51.75  70.25 100.00    0.00    0.37           0          0.00          0.00          0.00         nan         nan        0.00         0.00         0.00
22,23,00         2    50.00     0.00     0.00  11.12  61.12   0.00  100.00    0.00           2         50.00         50.00         50.00       25.25      102.62      100.00         0.00         2.77
